1662958
4055237
 128161
1323824
4055142
1470897
2577546
1556787
4060764
 701877
3814637
1615406
1197105
3308988
 374351
3344389
2480607
1635598
 428613
2049610
 719921
2847994
1548074
3321277
1966575
3038877
2427245
 928100
 494208
2383393
 733493
3229106
3336310
 839028
1979850
1979390
 289593
 916323
4076843
 239230
4039037
4462794
3952930
3903172
3903149
 898333
2769207
4462572
3955833
 347020
4221681
4374411
3102539
4196414
 959942
3942857
4366452
1423639
3379649
1425644
 624542
 576793
4211377
4361417
  50671
3933163
 629088
1467206
2198271
2542423
3149932
1722104
3597892
3824517
3579285
 871038
1063749
4002037
2273170
  61105
2655199
4349666
3919848
 563436
1809424
3925733
2237087
3071449
4349798
 122494
