248606.45936705148779
127246.71446287981234
109798.22790306800744
 94681.38369526808674
79150.295989766978892
40690.576176962669706
35081.755117189939483
30588.197581645577884
27091.910950004137703
  23714.0994931161149
16449.179064187159383
15039.891837003655382
13926.419700788557748
12934.013274014028866
12043.908660504728687
11172.733699776879803
9935.5309204830209637
7515.4383195573172998
6993.5872171355540559
6555.8524817524303216
6150.9826639547572995
5779.1277314042999933
5442.0138822800554408
5125.0136533979130036
4774.3455642948247259
 4196.784407968350024
3629.6742930990303648
3433.2839008166647545
 3278.158974355034843
3138.3525026606771462
3008.0555430177846574
2883.8325002979586316
2758.0772206084620848
2608.6920774986306242
2360.1931398445826744
2051.6267109583441197
1940.5481564423985219
1856.3146853947125692
1781.5639434551744671
1712.8894897113871139
1649.8277310578794186
1592.1824921244510733
1538.8482336777651653
1486.8352569656724427
1428.7360163533751347
1341.4559898058912495
1186.7243538787963644
 1130.208250863892772
1092.0159848509401854
1058.2540374699124186
1026.1462275249448339
 995.1081211291281079
965.25494807838958877
 936.8402000188045804
909.92473750533724797
884.12518908686001851
858.28151534743972206
829.54923766732304102
789.95426557786277044
719.81924841290958739
674.45435208033495655
651.80875435453572209
633.79221116422741034
617.42204135716235669
601.85052706144801959
586.85189921022379167
572.42637764682103807
558.62628412905087316
545.44919823068698861
532.75411350741012484
520.15846730827047395
506.80870566997680271
490.65133507193462492
465.89353001319659597
426.55612552026724416
408.07615685538485195
396.82138488304252633
387.51611341521811482
378.97324873859815852
370.80290103718721184
 362.8811663086658541
355.19450018827518534
347.77016974581397335
340.63397134083032824
333.77944565007777555
 327.1407275038870921
320.55675048764379653
313.69593455224497802
305.84899590347043841
 295.3059348435591005
278.65899790736494879
263.40950771199118208
255.84969712339079706
250.40052177824469481
245.72047392036421343
241.39183691327366432
 237.2533077330418223
233.24220550994391488
229.33933172210433327
225.54237920284566599
221.84914548141787805
 218.2443419211276705
214.68619701585510029
211.08689491720198816
207.27220374354132559
 202.8777517450669734
197.05732958551226375
188.05225946900847589
178.10888916610085175
172.93903678496866405
169.41041973159559575
166.46141228369964438
163.76665463503536557
161.19789167017569298
158.70068099674921314
156.25444317697608199
 153.8550788530729676
151.50508154161065022
149.20653553926882751
146.95525540077633764
144.73486101305527995
142.50883577814704495
140.20603988681884289
137.68767548035236814
134.66107711236338673
130.45908413330263897
124.09381690431027323
118.48848176997728388
115.41327486251806533
113.18605586711160527
111.29015447595774901
109.54907257085815786
107.88919217371189063
106.27832263646401145
104.70436551483930998
103.16577214593601752
  101.666159188189269
100.21064859381226597
98.803084987701197406
97.443773850886543642
96.127432859100082396
94.840820853380719768
93.558909407856290841
92.236944675289166184
90.791421205388473936
89.049878099666500475
